endPlay=30
Guess1Offset=-0.02
seed	1	2	3	4	5	6	7	8	9	10	Totals	Percent	Std.Dev.
--------------------------------------------------------------------------------------------------------------
0,0	479	472	486	476	477	484	467	477	480	477	4775	95.5%	0.33%
1,1	486	474	487	478	485	488	479	479	482	476	4814	96.3%	0.29%
2,2	489	481	488	480	488	483	487	482	488	479	4845	96.9%	0.23% best
2,1	494	485	491	480	481	484	483	486	488	476	4848	97.0%	0.32% best
3,3	483	479	490	481	490	481	486	480	482	478	4830	96.6%	0.26% good
3,2	492	485	487	483	485	487	481	483	484	480	4847	96.9%	0.21% best
4,4	482	479	487	477	482	479	478	485	477	485	4811	96.2%	0.22%
4,3	477	478	492	482	490	480	477	479	481	481	4817	96.3%	0.31%
4,2	483	481	487	479	481	482	483	472	486	481	4815	96.3%	0.25%
4,1	483	479	486	483	484	484	473	474	484	485	4815	96.3%	0.28%

100,000 samples 
seeds=1-1000
Pos	Totals	Percent	Std. Dev.
--------------------------------
2,2	96981	96.98%	0.05%	best
2,1	96874	96.87%	0.05%	good
3,3	96690	96.69%	0.06%	
3,2	96890	96.89%	0.05%	good

100,000 samples 
seeds=1001-2000
Pos	Totals	Percent	Std. Dev.
--------------------------------
2,2	96929	96.93%	0.05%	best
2,1	96963	96.96%	0.06%	best
3,3	96652	96.65%	0.06%
3,2	96881	96.88%	0.05%	good


200,000 samples combined
Pos	Totals	Percent	Estimated Std. Dev.
--------------------------------
2,2	193910	96.955%	.035%	best
2,1	193837	96.919%	.035%	good
3,3	193342	96.671%	.035%		
3,2	193771	96.886%	.035%	good


**********************************************************************************************************************

endPlay=30
Guess1Offset=-0.02
seed	1	2	3	4	5	6	7	8	9	10	Totals	Percent	Std.Dev.
--------------------------------------------------------------------------------------------------------------
0,0	423	413	402	416	423	420	408	419	405	422	4151	83.0%	0.47%
1,1	428	436	420	415	439	421	430	418	435	440	4282	85.6%	0.55%
2,2	444	439	440	434	434	448	445	429	440	429	4382	87.6%	0.39%	best
2,1	441	437	431	432	436	427	438	437	442	448	4369	87.4%	0.36%	best
3,3	441	432	425	428	447	436	432	441	426	435	4343	86.9%	0.43%	good
3,2	430	440	437	433	449	437	441	440	441	439	4387	87.7%	0.31%	best
3,1	436	429	429	441	433	424	437	430	440	447	4346	86.9%	0.41%	good
4,4	444	424	413	434	426	436	420	437	440	442	4316	86.3%	0.62%	good
4,3	440	430	423	431	445	435	431	439	438	447	4359	87.2%	0.44%	best
4,2	443	429	422	430	442	436	428	428	435	435	4328	86.6%	0.40%	good
4,1	433	420	419	421	427	425	425	427	428	434	4259	85.2%	0.30%
7,7	440	414	422	426	421	433	422	431	426	432	4267	85.3%	0.45%
7,6	424	434	437	435	439	424	431	426	431	437	4318	86.4%	0.33%	good	
7,5	440	427	421	426	431	431	425	430	436	432	4299	86.0%	0.33%	good
7,4	436	428	428	431	433	424	426	419	419	436	4280	85.6%	0.37%
7,3	442	424	422	431	444	435	421	429	435	443	4326	86.5%	0.52%	good
7,2	444	432	413	425	438	431	429	421	436	442	4311	86.2%	0.58%	good
7,1	437	435	423	428	431	434	428	438	425	442	4321	86.4%	0.37%	good

100,000 samples 
seeds=1-1000
Pos	Totals	Percent	Std. Dev.
--------------------------------
2,2	87642	87.64%	0.10%	best
2,1	87199	87.20%	0.11%
3,3	87540	87.54%	0.11%	best
3,2	87650	87.65%	0.10%	best
3,1	87199	87.20%	0.11%
4,4	86472	86.47%	0.11%
4,3	87092	87.09%	0.11%
4,2	86998	87.00%	0.11%		
7,6	86614	86.61%	0.11%
7,5	86657	86.66%	0.11%
7,3	87090	87.09%	0.11%
7,2	87071	87.07%	0.11%
7,1	86755	86.76%	0.11%

100,000 samples 
seeds=1001-2000
Pos	Totals	Percent	Std. Dev.
--------------------------------
2,2	87593	87.59%	0.11%
3,3	87542	87.54%	0.11%
3,2	87716	87.72%	0.11%	best

200,000 samples combined
Pos	Totals	Percent	Estimated Std. Dev.
--------------------------------
2,2	175235	87.618%	.08%
3,3	175082	87.541%	.08%
3,2	175366	87.683%	.08%	best

**********************************************************************************************************************

endPlay=30
Guess1Offset=-0.02
seed	1	2	3	4	5	6	7	8	9	10	Totals	Percent	Std.Dev.
--------------------------------------------------------------------------------------------------------------
0,0	208	223	204	200	191	217	199	204	205	210	2061	41.2%	0.55%
1,1	229	238	211	226	195	225	207	216	190	218	2155	43.1%	0.91%
2,2	227	232	236	244	211	236	238	225	208	227	2284	45.7%	0.69%	good
2,1	239	236	217	217	213	220	221	201	228	227	2219	44.4%	0.67%
3,3	236	257	222	236	228	241	235	227	250	216	2348	47.0%	0.75%	best
3,2	222	239	235	216	231	234	230	230	221	208	2266	45.3%	0.58%	good
3,1	228	228	227	221	209	237	231	230	210	210	2231	44.6%	0.60%
4,4	220	240	203	228	199	235	234	223	228	209	2219	44.4%	0.84%
4,3	231	266	225	246	226	230	234	233	231	236	2358	47.2%	0.73%	best
4,2	233	249	230	229	220	250	225	226	235	221	2318	46.4%	0.63%	good
4,1	202	227	243	202	216	246	224	217	215	225	2217	44.3%	0.89%
7,1	219	239	210	248	207	221	238	223	215	231	2251	45.0%	0.81%
7,2	233	253	219	239	212	220	244	222	227	215	2284	45.7%	0.81%	good
7,3	237	253	217	215	207	245	239	216	226	241	2296	45.9%	0.92%	good
7,4	230	220	198	221	219	231	238	228	230	236	2251	45.0%	0.69%
14,7	230	234	222	242	208	227	232	231	216	236	2278	45.6%	0.60%	good

100,000 samples 
seeds=1-1000
Pos	Totals	Percent	Std. Dev.
--------------------------------	
2,2	46438	46.438%	0.15%
3,3	47066	47.066%	0.16%	best
3,2	47016	47.016%	0.16%	best
4,3	46648	46.648%	0.16%
4,2	46345	46.345%	0.16%	
7,2	46640	46.640%	0.15%
7,3	46729	46.729%	0.15%
14,7	46590	46.590%	0.16%

100,000 samples 
seeds=1001-2000
Pos	Totals	Percent	Std. Dev.
--------------------------------	
3,3	46765	46.765%	0.16%
3,2	46649	46.649%	0.16%
	

200,000 samples combined
Pos	Totals	Percent	Estimated Std. Dev.
--------------------------------	
3,3	93831	46.916%	.11%
3,2	93665	46.833%	.11%


