start=3,3
Guess1Offset=-0.03
seed	1	2	3	4	5	6	7	8	10	Totals	Percent	Std.Dev.
--------------------------------------------------------------------------------------------------------------
8	45	50	47	39	44	51	49	43	50	41	459	45.9%	1.24%
10	45	50	47	39	45	50	49	46	50	41	462	46.2%	1.16%
12	45	50	49	39	45	49	49	45	50	41	462	46.2%	1.16%
13	46	50	49	39	45	49	49	45	50	40	462	46.2%	1.21%
14	46	49	49	39	45	49	49	45	49	40	460	46.0%	1.15%
15	46	50	49	39	45	51	49	45	49	40	463	46.3%	1.24%
16	46	50	49	39	45	51	50	45	49	40	464	46.4%	1.27%
17	46	50	49	39	45	51	49	43	49	41	462	46.2%	1.23%
18	47	50	49	39	45	51	48	43	48	40	460	46.0%	1.24%
19	48	50	49	39	45	51	48	44	48	40	462	46.2%	1.23%
20	47	51	49	39	45	51	48	45	48	39	462	46.2%	1.29%
21	48	51	50	39	45	51	48	44	48	39	463	46.3%	1.34%
22	49	51	50	39	45	51	48	44	48	40	465	46.5%	1.31%
23	49	51	50	40	45	51	48	44	49	40	467	46.7%	1.27%
24	50	51	49	40	46	52	48	44	48	40	468	46.8%	1.28%
25	50	51	49	40	46	52	49	44	49	39	469	46.9%	1.36%
26	50	51	49	40	47	52	49	44	48	39	469	46.9%	1.34%
27	50	51	49	40	47	52	49	43	49	39	469	46.9%	1.38%
28	50	51	49	40	47	52	49	43	49	40	470	47.0%	1.33%
29	50	51	49	40	47	52	49	43	49	40	470	47.0%	1.33%
30	50	51	51	40	47	52	48	43	49	40	471	47.1%	1.36%

start=3,3
Guess1Offset=-0.03
seed	11	12	13	14	15	16	17	18	19	20	Totals	Percent	Std.Dev.
--------------------------------------------------------------------------------------------------------------
8	47	48	37	47	46	40	48	40	44	50	447	44.7%	1.29%
10	47	48	37	47	47	40	48	41	43	50	448	44.8%	1.28%
12	48	48	38	47	48	40	49	41	43	49	451	45.1%	1.25%
13	49	48	38	47	47	41	49	41	43	49	452	45.2%	1.22%
14	49	47	38	47	47	42	47	41	44	49	451	45.1%	1.11%
15	48	47	38	48	47	42	46	41	44	49	450	45.0%	1.09%
16	48	47	38	48	47	42	46	41	45	49	451	45.1%	1.08%
17	48	47	37	48	47	42	46	41	45	48	449	44.9%	1.12%
18	48	48	38	47	46	43	47	41	45	48	451	45.1%	1.02%
19	48	48	38	47	46	42	47	41	45	48	450	45.0%	1.05%
20	48	49	38	47	46	42	47	40	45	49	451	45.1%	1.15%
21	48	49	38	47	46	42	47	40	45	48	450	45.0%	1.12%
22	48	49	38	47	46	42	46	41	44	48	449	44.9%	1.07%
23	48	50	38	48	46	42	46	41	45	48	452	45.2%	1.13%
24	48	50	38	47	46	42	46	41	45	47	450	45.0%	1.09%
25	48	50	38	47	46	42	46	41	45	47	450	45.0%	1.09%
26	48	50	38	47	46	42	46	41	45	47	450	45.0%	1.09%
27	48	50	38	47	46	42	46	41	45	47	450	45.0%	1.09%
28	48	50	38	49	46	42	46	41	43	47	450	45.0%	1.16%
29	48	50	38	49	46	42	46	41	43	47	450	45.0%	1.16%
30	48	50	38	50	46	42	46	42	43	47	452	45.2%	1.16%

start=3,3
Guess1Offset=-0.03
seed	21	22	23	24	25	26	27	28	29	30	Totals	Percent	Std.Dev.
--------------------------------------------------------------------------------------------------------------
8	50	34	41	48	44	47	45	56	40	51	456	45.6%	1.88%
10	50	34	41	49	44	48	45	56	41	51	459	45.9%	1.88%
12	48	34	41	49	43	49	45	56	41	51	457	45.7%	1.87%
13	48	34	41	49	43	49	45	56	41	50	456	45.6%	1.84%
14	48	34	41	49	43	49	45	56	41	51	457	45.7%	1.87%
15	49	35	41	48	42	49	44	55	41	53	457	45.7%	1.85%
16	49	35	41	48	42	49	44	55	41	53	457	45.7%	1.85%
17	49	35	41	48	42	49	44	55	41	53	457	45.7%	1.85%
18	49	36	41	48	42	48	45	55	41	53	458	45.8%	1.77%
19	49	36	41	48	42	48	45	55	41	53	458	45.8%	1.77%
20	49	36	41	48	42	48	46	55	41	53	459	45.9%	1.77%
21	49	35	41	46	42	48	46	55	40	53	455	45.5%	1.84%
22	49	35	41	45	42	48	46	55	40	53	454	45.4%	1.84%
23	49	36	41	44	42	48	47	55	40	54	456	45.6%	1.84%
24	49	36	41	44	42	48	47	55	40	54	456	45.6%	1.84%
25	48	36	42	45	42	48	47	55	40	54	457	45.7%	1.79%
26	46	36	42	45	42	48	47	55	39	54	454	45.4%	1.81%
27	46	36	42	45	42	47	46	55	39	54	452	45.2%	1.79%
28	45	36	42	45	42	47	46	55	39	54	451	45.1%	1.79%
29	45	36	43	44	42	47	46	55	39	54	451	45.1%	1.78%
30	45	36	43	45	42	46	46	55	39	54	451	45.1%	1.77%

start=3,3
Guess1Offset=-0.03
seed	31	32	33	34	35	36	37	38	39	40	Totals	Percent	Std.Dev.
--------------------------------------------------------------------------------------------------------------
8	44	47	50	46	54	45	45	57	35	46	469	46.9%	1.79%
10	45	47	50	45	55	45	45	57	35	46	470	47.0%	1.83%
12	45	47	50	46	55	45	46	57	35	47	473	47.3%	1.81%
13	45	47	50	46	54	45	46	57	35	46	471	47.1%	1.77%
14	45	47	51	46	54	45	46	57	35	47	473	47.3%	1.78%
15	45	47	51	46	54	45	46	57	35	47	473	47.3%	1.78%
16	45	47	51	46	54	45	46	57	35	47	473	47.3%	1.78%
17	45	47	51	46	54	46	47	57	35	47	475	47.5%	1.77%
18	45	48	51	46	54	47	47	57	35	48	478	47.8%	1.76%
19	45	48	51	46	54	46	47	57	35	48	477	47.7%	1.77%
20	45	48	51	46	54	46	47	57	35	48	477	47.7%	1.77%
21	45	48	50	46	54	45	48	57	36	48	477	47.7%	1.69%
22	45	48	50	46	55	45	48	56	36	48	477	47.7%	1.68%
23	45	48	50	46	55	46	48	57	36	48	479	47.9%	1.72%
24	45	48	50	46	55	46	48	57	37	48	480	48.0%	1.65%
25	44	48	50	47	55	46	48	57	37	48	480	48.0%	1.66%
26	44	48	50	47	55	46	50	57	37	49	483	48.3%	1.67%
27	44	49	50	47	54	46	50	57	39	49	485	48.5%	1.50%
28	44	49	50	47	54	46	50	57	39	49	485	48.5%	1.50%
29	44	49	50	47	54	46	50	58	39	49	486	48.6%	1.56%
30	44	50	50	47	54	46	50	57	39	49	486	48.6%	1.51%


EndPlay					Totals	Percent
-------------------------------------------------------
8	459	447	456	469	1831	45.78%
10	462	448	459	470	1839	45.98%
12	462	451	457	473	1843	46.08%
13	462	452	456	471	1841	46.03%
14	460	451	457	473	1841	46.03%
15	463	450	457	473	1843	46.08%	
16	464	451	457	473	1845	46.13%
17	462	449	457	475	1843	46.08%	
18	460	451	458	478	1847	46.18%
19	462	450	458	477	1847	46.18%
20	462	451	459	477	1849	46.23%
21	463	450	455	477	1845	46.13%	
22	465	449	454	477	1845	46.13%	
23	467	452	456	479	1854	46.35%
24	468	450	456	480	1854	46.35%
25	469	450	457	480	1856	46.40%
26	469	450	454	483	1856	46.40%
27	469	450	452	485	1856	46.40%
28	470	450	451	485	1856	46.40%
29	470	450	451	486	1857	46.43%
30	471	452	451	486	1860	46.50%	best

