start=3,3
endPlay=30
seed	1	2	3	4	5	6	7	8	9	10	Totals	Percent	Std.Dev.
--------------------------------------------------------------------------------------------------------------
-0.08	52	54	49	40	45	53	47	42	46	42	470	47.0%	1.48%
-0.07	52	51	50	41	46	54	48	42	46	42	472	47.2%	1.37%
-0.06	54	51	51	41	47	53	48	40	46	42	473	47.3%	1.51%
-0.05	53	51	52	39	48	53	47	42	47	42	474	47.4%	1.50%
-0.04	52	51	53	40	47	52	47	43	48	41	474	47.4%	1.42%
-0.03	50	51	51	40	47	52	48	43	49	40	471	47.1%	1.36%
-0.02	50	51	51	40	46	50	48	42	48	41	467	46.7%	1.27%
-0.01	49	51	50	39	46	49	48	42	48	41	463	46.3%	1.25%
0.00	50	51	51	39	47	48	48	44	47	42	467	46.7%	1.18%
0.01	50	51	52	39	47	47	48	44	46	42	466	46.6%	1.22%
0.02	50	50	50	39	48	47	48	44	45	43	464	46.4%	1.09%
0.03	50	48	49	37	48	47	47	44	45	43	458	45.8%	1.14%
0.04	50	47	49	37	48	47	47	44	46	43	458	45.8%	1.12%
0.05	50	47	50	39	47	46	47	43	48	42	459	45.9%	1.06%

start=3,3
endPlay=30
seed	11	12	13	14	15	16	17	18	19	20	Totals	Percent	Std.Dev.
--------------------------------------------------------------------------------------------------------------
-0.08	46	46	43	48	44	42	47	43	44	43	446	44.6%	0.60%
-0.07	46	49	43	47	44	42	47	43	44	43	448	44.8%	0.69%
-0.06	47	49	43	47	44	41	47	41	43	45	447	44.7%	0.83%
-0.05	48	50	42	47	45	41	46	43	43	46	451	45.1%	0.85%
-0.04	48	51	40	48	45	41	46	43	43	46	451	45.1%	1.02%
-0.03	48	50	38	50	46	42	46	42	43	47	452	45.2%	1.16%
-0.02	48	46	38	49	46	43	46	43	44	48	451	45.1%	0.97%
-0.01	45	46	37	49	47	43	46	44	44	48	449	44.9%	1.00%
0.00	45	48	37	50	47	43	45	43	46	49	453	45.3%	1.12%
0.01	45	47	38	51	46	44	45	43	44	51	454	45.4%	1.14%
0.02	43	46	38	51	46	44	44	44	44	50	450	45.0%	1.10%
0.03	42	45	38	51	46	44	46	44	43	48	447	44.7%	1.05%
0.04	43	46	39	51	45	43	46	44	43	46	446	44.6%	0.93%
0.05	44	47	39	52	44	42	46	46	42	44	446	44.6%	1.05%

start=3,3
endPlay=30
seed	21	22	23	24	25	26	27	28	29	30	Totals	Percent	Std.Dev.
--------------------------------------------------------------------------------------------------------------
-0.08	45	36	45	41	49	43	43	52	36	54	444	44.4%	1.81%
-0.07	45	36	47	42	47	43	43	51	36	54	444	44.4%	1.73%
-0.06	45	36	47	42	47	43	43	52	36	54	445	44.5%	1.77%
-0.05	45	37	47	44	45	43	46	54	36	54	451	45.1%	1.78%
-0.04	46	37	44	45	43	45	46	55	37	54	452	45.2%	1.78%
-0.03	45	36	43	45	42	46	46	55	39	54	451	45.1%	1.77%
-0.02	46	36	43	45	42	47	47	56	41	53	456	45.6%	1.73%
-0.01	46	33	44	45	41	47	47	55	42	52	452	45.2%	1.81%
0.00	46	33	44	47	41	50	46	54	42	52	455	45.5%	1.81%
0.01	47	33	43	46	41	50	44	53	41	51	449	44.9%	1.76%
0.02	46	33	42	45	40	50	44	53	42	53	448	44.8%	1.85%
0.03	46	34	42	45	40	50	42	53	43	53	448	44.8%	1.79%
0.04	46	34	42	44	40	50	42	53	42	54	447	44.7%	1.85%
0.05	46	34	42	46	40	50	41	53	42	54	448	44.8%	1.88%

Offset				Totals	Percent
----------------------------------------------
-0.08	470	446	444	1360	45.33%
-0.07	472	448	444	1364	45.47%
-0.06	473	447	445	1365	45.50%
-0.05	474	451	451	1376	45.87%
-0.04	474	451	452	1377	45.90%
-0.03	471	452	451	1374	45.80%
-0.02	467	451	456	1374	45.80%
-0.01	463	449	452	1364	45.47%
0.00	467	453	455	1375	45.83%
0.01	466	454	449	1369	45.63%
0.02	464	450	448	1362	45.40%
0.03	458	447	448	1353	45.10%
0.04	458	446	447	1351	45.03%
0.05	459	446	448	1353	45.10%

Using (Test200x100 results) with seeds 1-600 
Offset	Totals	Percent
----------------------------------------------
-0.06	9413	9477	9265	28155	46.93%
-0.05	9434	9506	9281	28221	47.04%
-0.04	9449	9509	9288	28246	47.08%
-0.03	9471	9518	9308	28297	47.16%
-0.02	9459	9526	9315	28300	47.17%
-0.01	9452	9519	9304	28275	47.13%
 0.00	9446	9475	9290	28211	47.02%

Using (Test1000x100 results) with seeds 1-1000 
Offset	Totals	Percent	Std. Dev.
----------------------------------------------
-0.04	47012	47.012%	0.16%
-0.03	47070	47.070%	0.16%
-0.02	47066	47.066%	0.16%
-0.01	47051	47.051%	0.16%




